10835265
10833964
10833811
10833755
10833596
10824199
10824163
10824127
10824107
10824080
10824051
10824018
10823986
10823951
10823920
10823885
10823860
10823841
10823805
10823779
10823746
10823702
10823675
10823653
10823620
10823595
10823571
10823369
10817929
10817910
10817893
10817852
10817823
10817793
10817769
10817741
10817723
10817704
10817673
10817661
10817644
10817621
10817598
10817579
10817540
10817524
10817504
10817471
10817449
10817416
10817391
10817374
10817350
10817337
10817321
10817292
10817271
10817239
10817214
10817191
10817161
10817134
10817118
10817086
10817066
10817041
10817010
10816985
10816967
10816939
10816916
10816895
10816868
10816844
10816825
10816795
10816782
10816766
10816740
10816723
10816692
10816667
10816656
10816638
10816619
10816603
10816588
10816560
10816543
10816521
10816505
10816491
10816468
10816448
10816434
10816402
10816385
10816361
10816340
10816320
10816280
10816251
10816234
10816207
10816183
10816149
10816124
10816099
10816074
10816051
10816019
10815999
10815974
10815948
10815913
10815890
10815868
10815837
10815814
10815785
10815764
10815735
10815706
10815685
10815661
10815622
10815597
10815561
10815540
10815521
10815499
10815485
10815462
10815427
10815412
10815381
10815357
10815338
10815326
10815314
10815305
10815293
10815271
10815254
10815233
10815211
10815197
10815175
10815148
10815131
10815108
10815093
10815075
10815052
10815033
10815016
10814998
10814983
10814897
10814854
10814837
10814819
10814793
10814767
10814744
10814724
10814696
10814662
10814630
10814608
10814581
10814558
10814531
10814507
10814493
10814476
10814453
10814435
10814411
10814396
10814382
10814355
10814337
10814290
10814280
10814253
10814232
10814201
10814188
10814143
10814133
10814114
10813989
10813970
10813949
10813937
10813914
10813889
10813869
10813848
10813835
10813817
10813751
10813739
10813716
10813705
10813669
10813653
10813624
10813605
10813585
10813569
10813551
10813536
10813529
10813515
10813507
10813492
10813477
10813462
10813450
10813435
10813423
10813403
10813350
10813337
10813315
10813297
10813280
10813261
10813239
10813222
10813201
10813190
10813179
10813166
10813155
10813135
10813124
10813111
10813094
10813016
10811244
10811219
10811203
10811178
10811159
10811146
10811132
10811115
10811094
10811069
10811043
10811025
10810999
10810967
10810941
10810918
10810896
10810872
10810855
10810834
10810802
10810767
10810732
10810685
10810663
10810636
10810609
10810581
10810560
10810536
10810514
10810499
10810483
10810459
10810438
10810415
10810393
10810373
10810351
10810321
10810297
10810271
10810248
10810229
10810200
10810176
10810148
10809930
10809899
10809879
10809855
10809803
10809774
10809747
10809708
10809684
10809653
10809624
10809217
10809207
10809196
10809181
10809174
10809132
10809104
10809096
10809083
10809057
10809015
10808985
10808972
10808961
10808936
10808921
10808912
10808890
10808881
10808870
10808846
10808837
10808824
10808805
10808792
10808773
10808761
10808747
10808732
10808707
10808654
10808641
10808620
10808600
10808577
10808552
10808528
10808509
10808487
10808478
10808461
10808300
